# unix_time, cycles_done, cur_path, paths_total, pending_total, pending_favs, map_size, unique_crashes, unique_hangs, max_depth, execs_per_sec
1706909083, 0, 0, 13, 13, 13, 3.13%, 0, 0, 1, 8.18
1706909088, 0, 0, 25, 25, 13, 3.30%, 0, 0, 2, 87.54
1706909093, 0, 0, 38, 38, 13, 3.45%, 0, 0, 2, 45.80
1706909098, 0, 0, 49, 49, 13, 3.53%, 0, 0, 2, 37.37
1706909103, 0, 0, 52, 52, 13, 3.54%, 0, 0, 2, 28.07
1706909113, 0, 0, 59, 59, 13, 3.54%, 0, 0, 2, 24.38
1706909118, 0, 0, 71, 71, 13, 3.54%, 0, 0, 2, 23.78
1706909124, 0, 0, 80, 80, 13, 3.54%, 0, 0, 2, 24.58
1706909129, 0, 0, 82, 82, 13, 3.54%, 0, 0, 2, 23.79
1706909134, 0, 0, 87, 87, 13, 3.56%, 0, 0, 2, 24.60
1706909139, 0, 0, 88, 88, 13, 3.56%, 0, 0, 2, 24.44
1706909144, 0, 0, 92, 92, 13, 3.62%, 0, 0, 2, 24.47
1706909149, 0, 0, 93, 93, 13, 3.62%, 0, 0, 2, 59.58
1706909159, 0, 0, 94, 94, 13, 3.63%, 0, 0, 2, 28.61
1706909180, 0, 0, 95, 95, 13, 3.63%, 0, 0, 2, 24.19
1706909195, 0, 0, 96, 96, 13, 3.63%, 0, 0, 2, 59.09
1706909221, 0, 0, 97, 97, 13, 3.63%, 0, 0, 2, 24.50
1706909307, 0, 0, 98, 98, 13, 3.63%, 0, 0, 2, 29.67
1706909420, 0, 0, 99, 99, 13, 3.63%, 0, 0, 2, 24.23
1706909471, 0, 0, 100, 100, 13, 3.63%, 0, 0, 2, 24.23
1706909548, 0, 0, 101, 101, 13, 3.63%, 0, 0, 2, 80.43
1706909742, 0, 0, 102, 102, 13, 3.63%, 0, 0, 2, 23.76
1706909778, 0, 0, 103, 103, 13, 3.63%, 0, 0, 2, 24.34
1706909845, 0, 0, 104, 104, 13, 3.63%, 0, 0, 2, 66.01
1706909916, 0, 0, 105, 105, 13, 3.63%, 0, 0, 2, 24.10
1706910039, 0, 0, 106, 106, 13, 3.64%, 0, 0, 2, 61.18
