# unix_time, cycles_done, cur_path, paths_total, pending_total, pending_favs, map_size, unique_crashes, unique_hangs, max_depth, execs_per_sec
1706909568, 0, 0, 1, 1, 1, 0.40%, 0, 0, 1, 42.78
1706909599, 0, 0, 2, 2, 1, 0.41%, 0, 0, 2, 43.18
1706909635, 0, 1, 2, 1, 1, 0.41%, 0, 0, 2, 58.75
1706909656, 1, 0, 2, 0, 0, 0.41%, 0, 0, 2, 40.63
1706909661, 1, 1, 2, 0, 0, 0.41%, 0, 0, 2, 41.60
1706909666, 2, 0, 2, 0, 0, 0.41%, 0, 0, 2, 38.44
1706909671, 2, 1, 2, 0, 0, 0.41%, 0, 0, 2, 40.72
1706909676, 3, 0, 2, 0, 0, 0.41%, 0, 0, 2, 62.26
1706909681, 4, 0, 2, 0, 0, 0.41%, 0, 0, 2, 95.47
1706909686, 5, 0, 2, 0, 0, 0.41%, 0, 0, 2, 70.33
1706909691, 5, 1, 2, 0, 0, 0.41%, 0, 0, 2, 47.46
1706909697, 6, 0, 2, 0, 0, 0.41%, 0, 0, 2, 61.33
1706909702, 6, 1, 2, 0, 0, 0.41%, 0, 0, 2, 49.21
1706909707, 7, 0, 2, 0, 0, 0.41%, 0, 0, 2, 44.44
